22274808,
22274812,
22274842,
22274848,
22274864,
22274866,
22274868,
22274870,
22274872,
22274876,
22274880,
22274894,
22274896,
22274908,
22274912,
22274916,
22274918,
22274920,
22274924,
22274934,
22274940,
22274944,
22274950,
22274952,
22274974,
22274976,
22274978,
22274994,
22275006,
22275008,
22275010,
22275016,
22275024,
22275026,
22275034,
22275036,
22275038,
22275040,
22275042,
22275050,
22275052,
22275060,
22275088,
22275090,
22275098,
22275112,
22275128,
22275138,
22275142,
22275160,
22275170,
22275172,
22275194,
22275210,
22275218,
22275250,
22275284,
22275286,
22275288,
22275340,
22276708,
21653986,
21653988,
21653990,
21653992,
21653994,
21653996,
21653998,
21654000,
21654002,
21654004,
21654006,
21654008,
21654010,
21654012,
21654014,
21654016,
21654018,
21654020,
21654022,
21654024,
21654026,
21654028,
21654030,
21654032,
21654034,
21654036,
21654038,
21654040,
21654042,
21654044,
21654046,
21654048,
21654050,
21654052,
21654054,
21654056,
21654058,
21654060,
21654062,
21654064,
21654066,
21654068,
21654070,
21654072,
21654074,
21654076,
21654078,
21654080,
21654082,
21654084,
21654086,
21654088,
21654090,
21654092,
21654096,
21654098,
21654100,
21654102,
21654104,
21654106,
21654108,
21654110,
21654114,
21654116,
21654118,
21654120,
21654122,
21654124,
21654126,
21654128,
21654130,
21654132,
21654134,
21654136,
21654138,
21654140,
21654142,
21654144,
21654146,
21654148,
21654150,
21654152,
21654154,
21654156,
21654158,
21654160,
21654162,
21654164,
21654166,
21654168,
21654170,
21654172,
21654174,
21654176,
21654178,
21654180,
21654182,
21654184,
21654186,
21654188,
21654190,
21654192,
21654194,
21654196,
21654198,
21654200,
21654202,
21654204,
21654206,
21654208,
21654210,
21654212,
21654214,
21654216,
21654218,
21654220,
21654222,
21654224,
21654226,
21654228,
21654230,
21654234,
21654236,
21654238,
21654240,
21654244,
21654246,
21654248,
21654250,
21654252,
21654254,
21654256,
21654258,
21654260,
21654262,
21654264,
21654266,
21654270,
21654272,
21654274,
21654276,
21654278,
21654280,
21654284,
21654286,
21654288,
21654292,
21654294,
21654296,
21654298,
21654300,
21654304,
21654306,
21654308,
21654310,
21654312,
21654314,
21654316,
21654318,
21654320,
21654322,
21654324,
21654326,
21654328,
21654330,
21654332,
21654334,
21654336,
21654338,
21654340,
21654342,
21654344,
21654346,
21654348,
21654350,
21654352,
21654354,
21654356,
21654358,
21654360,
21654362,
21654364,
21654366,
21654368,
21654370,
21654372,
21654374,
21654412,
21654414,
21654416,
21654418,
21654420,
21654422,
21654424,
21654426,
21654428,
21654430,
21654432,
21654434,
21654436,
21654438,
21654440,
21654442,
21654444,
21654446,
21654448,
21654450,
21654452,
21654454,
21654456,
21654458,
21654460,
21654462,
21654464,
21654466,
21654468,
21654470,
21654472,
21654474,
21654476,
21654478,
21654480,
21654482,
21654484,
21654486,
21654488,
21654490,
21654492,
21654494,
21654496,
21654498,
21654500,
21654502,
21654504,
21654508,
21654512,
21655326,
21655328,
21655330,
21655332,
21655334,
21655336,
21655338,
21655340,
21655342,
21655344,
21655346,
21655348,
21655350,
21655352,
21655354,
21655356,
21655358,
21655360,
21655362,
21655364,
21655366,
21655368,
21655370,
21655372,
21655374,
21655376,
21655378,
21655380,
21655382,
21655384,
21655386,
21655388,
21655390,
21655392,
21655394,
21655396,
21655398,
21655400,
21655402,
21655404,
21655406,
21655408,
21655410,
21655412,
21655414,
21655416,
21655418,
21655420,
21655422,
21655424,
21655426,
21655428,
21655430,
21655432,
21655434,
21655436,
21655438,
21655440,
21655442,
21655444,
21655446,
21655448,
21655450,
21655452,
21655454,
21655456,
21655458,
21655460,
21655462,
21655464,
21655466,
21655468,
21655470,
21655472,
21655474,
21655476,
21655478,
21655480,
21655482,
21655484,
21655486,
21655488,
21655490,
21655492,
21655494,
21655496,
21655498,
21655500,
21655502,
21655504,
21655506,
21655508,
21655510,
21655512,
21655514,
21655516,
21655518,
21655520,
21655522,
21655524,
21655526,
21655528,
21655530,
21655532,
21655534,
21655536,
21655538,
21655540,
21655542,
21655544,
21655546,
21655548,
21655550,
21655552,
21655554,
21655556,
21655558,
21655560,
21655562,
21655564,
21655566,
21655568,
21655570,
21655572,
21655574,
21655576,
21655580,
21655582,
21655584,
21655586,
21655588,
21655590,
21655592,
21655594,
21655596,
21655598,
21655600,
21655602,
21655604,
21655606,
21655608,
21655610,
21655612,
21655614,
21655616,
21655618,
21655620,
21655622,
21655624,
21655626,
21655628,
21655630,
21655632,
21655634,
21655636,
21655638,
21655640,
21655642,
21655644,
21655646,
21655648,
21655650,
21655652,
21655654,
21655656,
21655658,
21655660,
21655662,
21655664,
21655666,
21655668,
21655670,
21655672,
21655674,
21655676,
21655678,
21655680,
21655682,
21655684,
21655686,
21655688,
21655690,
21655692,
21655694,
21655696,
21655698,
21655700,
21655702,
21655704,
21655706,
21655708,
21655710,
21655712,
21655714,
21655716,
21655718,
21655720,
21655722,
21655724,
21655726,
21655728,
21655730,
21655732,
21655734,
21655736,
21655738,
21655740,
21655742,
21655744,
21655746,
21655748,
21655750,
21655752,
21655754,
21655756,
21655758,
21655760,
21655762,
21655764,
21655766,
21655768,
21655770,
21655772,
21655774,
21655776,
21655778,
21655780,
21655782,
21655784,
21655786,
21655788,
21655790,
21655792,
21655794,
21655796,
21655798,
21655800,
21655802,
21655804,
21655806,
21655808,
21655810,
21655812,
21655814,
21655816,
21655818,
21655820,
21655822,
21655824,
21655826,
21655828,
21655830,
21655832,
21655834,
21655836,
21655838,
21655840,
21655842,
21655844,
21655846,
21655848,
21655850,
21655852,
21655854,
21655856,
21655858,
21655860,
21655862,
21655864,
21655866,
21655868,
21655870,
21655872,
21655874,
21655876,
21655878,
21655880,
21655882,
21655884,
21655886,
21655888,
21655890,
21655892,
21655894,
21655896,
21655898,
21655900,
21655902,
21655904,
21655906,
21655908,
21655910,
21655912,
21655914,
21655916,
21655918,
21655920,
21655922,
21655924,
21655926,
21655928,
21655932,
21655934,
21655936,
21655938,
21655940,
21655942,
21655944,
21655946,
21655948,
21655950,
21655952,
21655954,
21655956,
21655958,
21655960,
21655962,
21655964,
21655966,
21655968,
21655970,
21655972,
21655974,
21655976,
21655978,
21655980,
21655982,
21655984,
21655986,
21655988,
21655990,
21655992,
21655994,
21655996,
21655998,
21656000,
21656002,
21656004,
21656006,
21656008,
21656010,
21656012,
21656014,
21656016,
21656018,
21656020,
21656022,
21656024,
21656026,
21656028,
21656030,
21656032,
21656034,
21656036,
21656038,
21656040,
21656042,
21656044,
21656046,
21656048,
21656050,
21656052,
21656054,
21656056,
21656058,
21656060,
21656062,
21656064,
21656066,
21656068,
21656070,
21656072,
21656074,
21656076,
21656078,
21656080,
21656082,
21656084,
21656086,
21656088,
21656090,
21656092,
21656094,
21656096,
21656098,
21656100,
21656102,
21656104,
21656106,
21656108,
21656110,
21656112,
21656114,
21656116,
21656118,
21656120,
21656122,
21656124,
21656126,
21656128,
21656130,
21656132,
21656134,
21656136,
21656138,
21656140,
21656142,
21656144,
21656146,
21656148,
21656150,
21656152,
21656154,
21656156,
21656158,
21656160,
21656162,
21656164,
21656166,
21656168,
21656170,
21656172,
21656174,
21656176,
21656178,
21656180,
21656182,
21656184,
21656186,
21656188,
21656190,
21656192,
21656194,
21656196,
21656198,
21656200,
21656202,
21656204,
21656206,
21656208,
21656210,
21656212,
21656214,
21656216,
21656218,
21656220,
21656222,
21656224,
21656226,
21656228,
21656230,
21656232,
21656234,
21656236,
21656238,
21656240,
21656242,
21656244,
21656246,
21656248,
21656250,
21656252,
21656254,
21656256,
21656258,
21656260,
21656262,
21656264,
21656266,
21656268,
21656270,
21656272,
21656274,
21656276,
21656278,
21656280,
21656282,
21656284,
21656286,
21656288,
21656290,
21656292,
21656294,
21656296,
21656298,
21656300,
21656302,
21656304,
21656306,
21656308,
21656310,
21656312,
21656314,
21656316,
21656318,
21656320,
21656322,
21656324,
21656326,
21656328,
21656330,
21656332,
21656334,
21656336,
21656338,
21656340,
21656342,
21656344,
21656346,
21656348,
21656350,
21656352,
21656354,
21656356,
21656358,
21656360,
21656362,
21656364,
21656366,
21656368,
21656370,
21656372,
21656374,
21656376,
21656378,
21656380,
21656382,
21656384,
21656386,
21656388,
21656390,
21656392,
21656394,
21656396,
21656398,
21656400,
21656402,
21656404,
21656406,
21656408,
21656410,
21656414,
21656416,
21656418,
21656422,
21656424,
21656476,
21656478,
21656480,
21656482,
21656484,
21656490,
21656492,
21656494,
21656496,
21656498,
21656500,
21656502,
21656504,
21656506,
21656508,
21656510,
21656512,
21656514,
21656516,
21656518,
21656520,
21656522,
21656524,
21656526,
21656528,
21656530,
21656532,
21656534,
21656536,
21656538,
21656540,
21656542,
21656544,
21656546,
21656548,
21656550,
21656552,
21656554,
21656556,
21656558,
21656560,
21656564,
21656566,
21656568,
21656570,
21656572,
21656574,
21656576,
21656578,
21656580,
21656582,
21656584,
21656586,
21656588,
21656590,
21656592,
21656594,
21656596,
21656598,
21656600,
21656602,
21656604,
21656606,
21656608,
21656610,
21656612,
21656614,
21656616,
21656618,
21656620,
21656622,
21656624,
21656626,
21656628,
21656630,
21656632,
21656634,
21656636,
21656638,
21656640,
21656642,
21656644,
21656646,
21656648,
21656650,
21656652,
21656654,
21656656,
21656658,
21656660,
21656662,
21656664,
21656666,
21656668,
21656670,
21656672,
21656674,
21656676,
21656678,
21656680,
21657148,
21657150,
21657154,
21657160,
21657162,
21657164,
21657166,
21657168,
21657170,
21657172,
21657174,
21657178,
21657180,
21657182,
21657184,
21657186,
21657196,
21657198,
21657200,
21657202,
21657204,
21657210,
21657212,
21657218,
21657222,
21657224,
21657226,
21657228,
21657230,
21657232,
21657234,
21657236,
21657238,
21657240,
21657242,
21657248,
21657250,
21657252,
21657254,
21657256,
21657258,
21657260,
21657262,
21657264,
21657270,
21657278,
21657280,
21657282,
21657284,
21657286,
21657288,
21657290,
21657292,
21657294,
21657296,
21657298,
21657300,
21657302,
21657304,
21657306,
21657308,
21657310,
21657312,
21657314,
21657316,
21657318,
21657320,
21657322,
21657324,
21657326,
21657328,
21657330,
21657332,
21657334,
21657336,
21657338,
21657340,
21657342,
21657344,
21657346,
21657348,
21657350,
21657352,
21657354,
21657356,
21657372,
21657374,
21657376,
21657378,
21657380,
21657382,
21657384,
21657386,
21657388,
21657390,
21657392,
21657394,
21657396,
21657398,
21657400,
21657402,
21657404,
21657406,
21657408,
21657412,
21657414,
21657416,
21657418,
21657420,
21657422,
21657424,
21657426,
21657428,
21657430,
21657432,
21657434,
21657436,
21657438,
21657440,
21657442,
21657444,
21657446,
21657448,
21657450,
21657452,
21657454,
21657456,
21657458,
21657460,
21657462,
21657464,
21657466,
21657470,
21657472,
21657474,
21657476,
21657484,
21657492,
21657494,
21657496,
21657500,
21657504,
21657506,
21657508,
21657510,
21657512,
21657514,
21657516,
21657518,
21657520,
21657522,
21657526,
21657530,
21657532,
21657534,
21657536,
21657538,
21657540,
21657542,
21657544,
21657546,
21657548,
21657552,
21657554,
21657556,
21657558,
21657560,
21657562,
21657564,
21657566,
21657568,
21657570,
21657572,
21657574,
21657576,
21657580,
21657582,
21657584,
21657586,
21657588,
21657592,
21657594,
21657596,
21657598,
21657600,
21657602,
21657604,
21657606,
21657608,
21657610,
21657612,
21657614,
21657616,
21657620,
21657622,
21657624,
21657626,
21657628,
21657630,
21657632,
21657636,
21657638,
21657640,
21657642,
21657644,
21657646,
21657648,
21657650,
21657652,
21657654,
21657656,
21657658,
21657660,
21657662,
21657664,
21657666,
21657668,
21657670,
21657672,
21657674,
21657676,
21657678,
21657680,
21657684,
21657686,
21657694,
21657696,
21657698,
21657700,
21657704,
21657708,
21657710,
21657712,
21657714,
21657716,
21657722,
21657724,
21657726,
21657728,
21657730,
21657742,
21657744,
21657746,
21657750,
21657754,
21657756,
21657758,
21657760,
21657762,
21657764,
21657766,
21657768,
21657772,
21657776,
21657778,
21657780,
21657782,
21657784,
21657786,
21657788,
21657790,
21657792,
21657794,
21657796,
21657798,
21657800,
21657802,
21657804,
21657806,
21657812,
21657816,
21657818,
21657826,
21657828,
21657834,
21657836,
21657840,
21657844,
21657852,
21657854,
21657856,
21657858,
21657862,
21657864,
21657866,
21657868,
21657870,
21657872,
21657874,
21657876,
21657878,
21657882,
21657884,
21657890,
21657892,
21657894,
21657896,
21657898,
21657900,
21657902,
21657904,
21657906,
21657908,
21657910,
21657912,
21657914,
21657920,
21657922,
21657924,
21657926,
21657928,
21657930,
21657932,
21657946,
21657948,
21657950,
21657952,
21657954,
21657956,
21657958,
21657960,
21657962,
21657964,
21657966,
21657968,
21658032,
21658034,
21658036,
21658038,
21658040,
21658042,
21658044,
21658046,
21658048,
21658050,
21658052,
21658054,
21658056,
21658062,
21658070,
21658072,
21658076,
21658090,
21658092,
21658094,
21658096,
21658098,
21658100,
21658102,
21658104,
21658106,
21658108,
21658110,
21658112,
21658114,
21658116,
21658118,
21658120,
21658122,
21658124,
21658126,
21658128,
21658130,
21658132,
21658134,
21658136,
21658138,
21658140,
21658142,
21658144,
21658146,
21658148,
21658150,
21658152,
21658154,
21658156,
21658158,
21658160,
21658162,
21658164,
21658166,
21658168,
21658170,
21658172,
21658174,
21658176,
21658178,
21658180,
21658182,
21658184,
21658186,
21658188,
21658190,
21658192,
21658194,
21658196,
21658198,
21658200,
21658202,
21658204,
21658206,
21658208,
21658210,
21658212,
21658214,
21658216,
21658218,
21658220,
21658222,
21658224,
21658226,
21658228,
21658230,
21658232,
21658234,
21658236,
21658238,
21658240,
21658242,
21658244,
21658246,
21658248,
21658250,
21658252,
21658254,
21658256,
21658258,
21658260,
21658262,
21658264,
21658266,
21658268,
21658270,
21658272,
21658274,
21658276,
21658278,
21658280,
21658282,
21658284,
21658286,
21658288,
21658290,
21658292,
21658294,
21658296,
21658298,
21658300,
21658302,
21658304,
21658306,
21658308,
21658310,
21658312,
21658314,
21658316,
21658856,
21658858,
21658860,
21658862,
21658864,
21658866,
21658868,
21658870,
21658872,
21658874,
21658876,
21658878,
21658880,
21658882,
21658884,
21658886,
21658888,
21658890,
21658892,
21658894,
21658896,
21658898,
21658900,
21658902,
21658904,
21658906,
21658908,
21658912,
21658914,
21658916,
21658918,
21658920,
21658922,
21658924,
21658932,
21658934,
21658936,
21658938,
21658940,
21658942,
21658944,
21658946,
21658948,
21658950,
21658952,
21658954,
21658956,
21658958,
21658960,
21658962,
21658964,
21658966,
21658968,
21658970,
21658972,
21658974,
21658976,
21658978,
21658980,
21658982,
21658984,
21658986,
21658988,
21658992,
21658994,
21658996,
21658998,
21659000,
21659002,
21659004,
21659006,
21659008,
21659010,
21659012,
21659014,
21659016,
21659018,
21659020,
21659022,
21659024,
21659026,
21659028,
21659030,
21659032,
21659034,
21659036,
21659038,
21659040,
21659042,
21659044,
21659046,
21659048,
21659050,
21659052,
21659054,
21659056,
21659058,
21659060,
21659062,
21659064,
21659066,
21659068,
21659070,
21659072,
21659074,
21659076,
21659078,
21659080,
21659082,
21659084,
21659086,
21659088,
21659090,
21659092,
21659094,
21659096,
21659098,
21659100,
21659102,
21659104,
21659106,
21659108,
21659110,
21659112,
21659114,
21659116,
21659118,
21659120,
21659122,
21659124,
21659126,
21659128,
21659130,
21659132,
21659134,
21659136,
21659138,
21659140,
21659144,
21659146,
21659148,
21659150,
21659152,
21659154,
21659156,
21659158,
21659160,
21659162,
21659166,
21659168,
21659170,
21659172,
21659174,
21659176,
21659178,
21659180,
21659182,
21659184,
21659190,
21659192,
21659194,
21659196,
21659198,
21659200,
21659202,
21659204,
21659206,
21659208,
21659210,
21659216,
21659218,
21659464,
21659466,
21659468,
21659470,
21659472,
21659474,
21659486,
21659490,
21659492,
21659804,
21659806,
21659810,
21659812,
21659814,
21659816,
21659818,
21659820,
21659826,
21659836,
21659838,
21659844,
21659846,
21659852,
21659854,
21659858,
21659860,
21659868,
21659878,
21659880,
21659886,
21659892,
21659894,
21659896,
21659898,
21659904,
21659910,
21659912,
21659914,
21659924,
21659926,
21659930,
21659982,
21661504,
21661506,
21661796,
21661798,
21661800,
21661802,
21661804,
21661806,
21661808,
21661810,
21661812,
21661814,
21662102,
21662104,
21662106,
21667186,
21667218,
21667220,
21667222,
21667224,
21667226,
21667228,
21667230,
21667248,
21667250,
25382382,
25382390,
25382393,
25382406,
25382423,
25382433,
25382437,
25382440,
25382451,
25382460,
25382463,
25382466,
25382470,
25382473,
25382490,
25382493,
25382495,
25382503,
25382863,
166745563,
166745564,
21661814,
21675242,
21675244,
21675246,
21675248,
21675252,
21675254,
21675256,
21675258,
21675260,
21675262,
21675264,
21675266,
21675268,
21675270,
21675272,
21675274,
21675276,
21675278,
21675280,
21675282,
21675284,
21675286,
21675288,
21675290,
21675292,
21675294,
21675296,
21675298,
21675300,
21675302,
21675304,
21675306,
21675308,
21675310,
21675312,
21675314,
21675316,
21675318,
21675320,
21675322,
21675324,
21675326,
21675328,
21675330,
21675332,
21675334,
21675336,
21675338,
21675340,
21675342,
21675344,
21675346,
21675348,
21675350,
21675352,
21675354,
21675356,
21675358,
21675360,
21675362,
21675364,
21675366,
21675368,
21675370,
21675372,
21675374,
21675378,
21675380,
21675382,
21675384,
21675386,
21675388,
21675390,
21675392,
21675394,
21675396,
21675400,
21675402,
21675404,
21675406,
21675408,
21675410,
21675412,
21675414,
21675416,
21675418,
21675420,
21675422,
21675424,
21675426,
21675428,
21675430,
21675432,
21675434,
21675436,
21675438,
21675440,
21675442,
21675444,
21675446,
21675448,
21675450,
21675452,
21675454,
21675456,
21675458,
21675460,
21675462,
21675464,
21675466,
21675468,
21675470,
21675472,
21675474,
21675476,
21675478,
21675480,
21675482,
21675484,
21675486,
21675488,
21675490,
21675492,
21675494,
21675496,
21675498,
21675500,
21675502,
21675504,
21675506,
21675508,
21675510,
21675512,
21675514,
21675516,
21675518,
21675520,
21675522,
21675524,
21675526,
21675528,
21675530,
21675532,
21675534,
21675536,
21675538,
21675540,
21675542,
21675544,
21675546,
21675548,
21675550,
21675552,
21675554,
21675556,
21675558,
21675560,
21675562,
21675564,
21675566,
21675568,
21675570,
21675572,
21675574,
21675576,
21675578,
21675580,
21675582,
21675584,
21675588,
21675594,
21675596,
21675598,
21675600,
21675602,
21675604,
21675606,
21675608,
21675610,
21675612,
21675616,
21675620,
21675622,
21675624,
21675626,
21675630,
21675632,
21675634,
21675636,
21675638,
21675640,
21675644,
21675650,
21675652,
21675654,
21675656,
21675660,
21675662,
21675664,
21675668,
21675670,
21675676,
21675678,
21675680,
21675682,
21675684,
21675694,
21675700,
21675702,
21675708,
21675712,
21675714,
21675716,
21675718,
21675720,
21675722,
21675732,
21675734,
21675736,
21675744,
21675746,
21675754,
21675756,
21675774,
21675780,
21675782,
21675784,
21675786,
21675788,
21675790,
21675798,
21675800,
21675802,
21675804,
21675810,
21675814,
21675816,
21675820,
21675826,
21675828,
21675830,
21675836,
21675840,
21675842,
21675844,
21675846,
21675850,
21675856,
21675860,
21675864,
21675870,
21675876,
21675882,
21675884,
21675894,
21675896,
21675906,
21675908,
21675912,
21675914,
21675926,
21675934,
21675936,
21675946,
21675956,
21675960,
21675962,
21675968,
21675988,
21675990,
21676002,
21676010,
21676012,
21676016,
21676020,
21676026,
21676030,
21676032,
21676038,
21676054,
21676072,
21676078,
21676094,
21676098,
21676124,
21676154,
21676158,
21676160,
21676164,
21676166,
21676168,
21676196,
21676198,
21676204,
21676206,
21676208,
21676210,
21676214,
21676216,
21676218,
21676248,
21676268,
21676290,
21676292,
21676294,
21676310,
21676336,
21676386,
21676404,
21676408,
21676414,
21676420,
21676422,
21676438,
21676442,
21676480,
21676486,
21676516,
21676534,
21676558,
21676574,
21676584,
21676586,
21676640,
21676660,
21676664,
21676666,
21676670,
21676672,
21676676,
21676696,
21676698,
21676710,
21676736,
21676746,
21676758,
21676760,
21676818,
21677640,
21677642,
21677644,
21677646,
21677648,
21677650,
21677652,
21677654,
21677656,
21677658,
21677660,
21677662,
21677666,
21677668,
21677672,
21677690,
21677692,
21677694,
21677696,
21677698,
21677700,
21677702,
21677730,
21677854,
21677856,
21677928,
21677930,
21677932,
21677948,
21677950,
21677952,
21677964,
22274658,
22274808,
22274812,
22274842,
22274848,
22274864,
22274866,
22274868,
22274870,
22274872,
22274876,
22274880,
22274894,
22274896,
22274908,
22274912,
22274916,
22274918,
22274920,
22274924,
22274934,
22274940,
22274944,
22274950,
22274952,
22274974,
22274976,
22274978,
22274994,
22275006,
22275008,
22275010,
22275016,
22275024,
22275026,
22275034,
22275036,
22275038,
22275040,
22275042,
22275050,
22275052,
22275060,
22275088,
22275090,
22275098,
22275112,
22275128,
22275138,
22275142,
22275160,
22275170,
22275172,
22275194,
22275210,
22275218,
22275250,
22275284,
22275286,
22275288,
22275340,
22276708,
